5
13
16
19
20
28
33
36
40
41
51
60
67
79
95
96
97
102
108
113
114
123
125
126
130
131
136
138
155
161
172
173
175
189
192
209
213
216
226
239
240
241
246
252
255
269
271
275
276
283
287
288
291
296
305
308
313
338
340
341
343
347
354
356
362
368
374
380
390
396
397
399
403
411
412
413
414
421
423
429
434
436
437
440
447
460
476
478
488
491
508
509
510
536
554
563
571
575
576
579
593
596
599
602
603
605
615
626
632
640
666
676
677
688
694
702
707
709
717
723
728
734
763
768
769
775
784
785
792
798
802
803
810
820
823
837
838
862
866
872
880
882
893
897
903
905
906
908
914
922
924
933
935
936
941
975
976
995
997
1001
1008
1012
1017
1018
1020
1022
1025
1046
1053
1062
1066
1068
1072
1082
1099
1107
1120
1139
1152
1173
1178
1180
1185
1199
1224
1228
1232
1233
1244
1245
1249
1252
1254
1274
1278
1279
1280
1288
1292
1296
1304
1306
1318
1323
1326
1328
1333
1344
1345
1353
1354
1355
1356
1360
1361
1365
1366
1369
1371
1372
1376
1383
1401
1403
1405
1407
1410
1413
1414
1426
1430
1434
1438
1448
1452
1453
1459
1464
1470
1480
1481
1483
1484
1485
1501
1502
1506
1508
1513
1523
1531
1535
1543
1557
1564
1566
1570
1578
1583
1585
1594
1612
1619
1643
1655
1670
1680
1687
1692
1696
1699
1705
1712
1717
1728
1731
1734
1745
1760
1762
1766
1767
1772
1779
1783
1791
1795
1802
1824
1827
1839
1858
1859
1881
1895
1906
1910
1917
1938
1939
1941
1948
1951
1953
1954
1955
1972
1984
1990
1993
2001
2010
2014
2016
2019
2020
2022
2030
2033
2046
2052
2053
2059
2064
2073
2079
2080
2095
2099
2105
2106
2113
2117
2119
2132
2134
2155
2157
2168
2182
2185
2199
2207
2228
2255
2259
2268
2276
2282
2297
2302
2304
2305
2314
2351
2357
2364
2367
2377
2382
2386
2391
2402
2413
2424
2431
2436
2438
2439
2441
2445
2446
2448
2451
2463
2477
2479
2484
2485
2488
2494
2503
2504
2507
2515
2519
2523
2527
2542
2543
2546
2547
2549
2550
2552
2555
2558
2560
2562
2565
2567
2577
2583
2589
2596
2598
2600
2609
2610
2614
2615
2624
2625
2635
2659
2665
2672
2673
2678
2681
2682
2683
2685
2686
2689
2692
2696
2701
2702
2703
2707
2708
2710
2711
2714
2715
2716
2718
2719
2722
2723
2728
2733
2734
2738
2739
2741
2744
2748
2753
2754
2758
2760
2768
2770
2771
2774
2779
2787
2791
2795
2796
2800
2806
2807
2810
2812
2825
2829
2836
2837
2851
2852
2854
2860
2869
2872
2878
2880
2881
2887
2894
2897
2898
2901
2905
2907
2910
2918
2919
2920
2928
2930
2933
2934
2937
2940
2943
2949
2950
2951
2954
2962
2967
2968
2977
2978
2981
2982
2985
2990
2991
2992
2993
2994
2996
2997
3001
3005
3006
3016
3020
3021
3023
3027
3036
3039
3040
3041
3045
3046
3048
3050
3059
3060
3062
3072
3083
3084
3090
3095
3115
3118
3126
3127
3133
3140
3145
3150
3154
3168
3171
3173
3183
3186
3194
3198
3200
3201
3208
3216
3218
3228
3231
3235
3248
3249
3256
3263
3264
3271
3274
3276
3296
3300
3305
3306
3308
3315
3316
3325
3329
3330
3338
3347
3348
3355
3356
3357
3361
3377
3383
3386
3392
3395
3401
3403
3420
3421
3435
3449
3463
3492
3505
3507
3514
3518
3520
3530
3532
3536
3547
3554
3564
3572
3576
3582
3593
3598
3616
3617
3639
3644
3651
3662
3665
3671
3672
3673
3683
3690
3693
3700
3708
3721
3743
3746
3750
3773
3774
3778
3787
3791
3799
3804
3807
3808
3811
3818
3819
3826
3835
3839
3846
3857
3868
3879
3883
3891
3893
3897
3904
3910
3921
3922
3923
3928
3934
3935
3936
3938
3943
3958
3964
3966
3971
3973
3975
3984
3989
3993
3999
