1
2
8
9
21
25
26
27
37
44
48
54
61
65
66
69
77
81
85
86
100
102
103
106
113
117
119
121
127
140
145
147
149
160
170
174
177
181
195
196
197
202
203
205
206
207
215
216
220
224
225
227
230
233
239
240
241
248
256
262
264
268
269
277
281
283
289
290
306
309
312
314
320
325
328
336
346
349
353
354
359
360
369
383
384
390
391
394
396
397
399
405
413
416
420
422
424
426
433
439
441
446
451
460
461
464
473
481
483
489
490
499
506
509
514
519
520
525
526
564
569
583
590
594
602
605
607
608
610
613
616
620
622
626
627
633
637
639
641
650
658
660
662
664
679
681
683
684
688
690
691
699
700
706
709
714
716
718
720
728
742
746
747
750
753
758
760
764
769
773
777
780
783
784
788
790
795
796
797
800
802
807
808
810
816
820
822
824
826
831
833
839
841
846
850
851
868
879
881
883
889
890
891
899
909
914
915
916
918
920
925
928
931
946
953
964
969
980
983
984
986
988
990
994
1000
1002
1003
1008
1016
1017
1020
1022
1024
1026
1033
1039
1041
1046
1050
1060
1064
1068
1077
1081
1083
1089
1099
1106
1114
1120
1125
1135
1136
1146
1169
1180
1183
1184
1190
1197
1202
1204
1207
1208
1216
1220
1224
1226
1235
1245
1255
1264
1265
1275
1277
1281
1284
1288
1289
1290
1291
1293
1294
1295
1305
1306
1315
1318
1319
1320
1321
1322
1325
1326
1328
1335
1336
1346
1347
1349
1350
1351
1353
1359
1360
1369
1370
1383
1386
1390
1396
1397
1403
1405
1407
1410
1416
1463
1464
1473
1477
1481
1487
1489
1490
1499
1520
1524
1525
1553
1560
1564
1569
1583
1587
1590
1597
1605
1607
1613
1616
1620
1622
1626
1633
1639
1646
1660
1661
1664
1668
1669
1677
1678
1681
1683
1687
1688
1690
1691
1699
1705
1706
1714
1715
1720
1725
1731
1735
1746
1747
1753
1760
1764
1767
1769
1780
1783
1790
1796
1797
1802
1805
1820
1822
1826
1864
1868
1881
1889
1899
1906
1920
1925
1953
1969
1983
1984
1990
2003
2005
2007
2019
2026
2029
2035
2046
2049
2063
2064
2074
2077
2081
2083
2088
2106
2122
2125
2128
2146
2153
2183
2184
2186
2189
2190
2191
2196
2197
2205
2207
2209
2210
2226
2236
2243
2258
2264
2268
2277
2281
2286
2295
2299
2302
2306
2313
2323
2337
2345
2373
2388
2389
2395
2396
2397
2402
2404
2405
2407
2408
2417
2419
2420
2426
2428
2441
2460
2464
2468
2476
2481
2489
2490
2494
2499
2505
2506
2520
2523
2525
2546
2569
2579
2581
2584
2590
2596
2597
2599
2602
2603
2605
2607
2616
2620
2624
2626
2633
2639
2641
2646
2650
2651
2660
2664
2668
2669
2681
2683
2684
2686
2689
2690
2699
2705
2706
2709
2714
2720
2725
2746
2753
2754
2758
2769
2780
2783
2784
2788
2790
2797
2804
2807
2808
2820
2825
2826
2864
2868
2881
2899
2906
2914
2915
2918
2920
2925
2960
2964
2969
2983
2990
2997
3000
3002
3003
3013
3016
3020
3022
3024
3026
3033
3039
3050
3053
3060
3068
3077
3081
3083
3089
3090
3091
3099
3106
3114
3115
3119
3120
3124
3125
3136
3146
3153
3169
3183
3197
3204
3207
3216
3225
3264
3268
3273
3281
3290
3299
3320
3322
3325
3346
3353
3369
3383
3390
3395
3397
3403
3404
3410
3415
3416
3417
3419
3420
3429
3430
3433
3434
3439
3445
3446
3462
3468
3470
3473
3480
3481
3488
3491
3493
3496
3499
3501
3507
3512
3515
3518
3520
3522
3523
3525
3526
3528
3537
3540
3546
3549
3553
3558
3560
3564
3568
3569
3583
3586
3587
3590
3594
3597
3599
3600
3603
3606
3615
3616
3620
3631
3633
3639
3641
3646
3650
3651
3662
3664
3668
3677
3680
3681
3684
3688
3691
3696
3699
3706
3715
3720
3722
3725
3746
3747
3753
3758
3769
3775
3782
3790
3797
3801
3807
3809
3810
3815
3824
3828
3829
3832
3834
3835
3837
3839
3848
3850
3859
3861
3867
3869
3871
3879
3881
3886
3889
3894
3899
3902
3906
3907
3910
3915
3917
3927
3932
3936
3942
3947
3958
3962
3963
3964
3968
3969
3972
3975
3982
3983
3988
3996
4001
4002
4005
4010
4018
4021
4025
4028
4029
4031
4032
4037
4039
4050
4061
4065
4067
4069
4077
4081
4088
4099
4101
4106
4107
4112
4115
4116
4125
4127
4132
4133
4134
4136
4140
4142
4149
4157
4158
4162
4163
4164
4172
4175
4181
4182
4183
4187
4193
4195
4196
4201
4202
4228
4229
4231
4232
4259
4265
4269
4272
4277
4292
4299
4306
4315
4316
4327
4332
4340
4341
4342
4346
4349
4358
4359
4361
4362
4364
4372
4382
4384
4387
4396
4401
4402
4410
4413
4418
4424
4428
4429
4431
4432
4437
4448
4450
4459
4461
4465
4467
4469
4477
4481
4494
4501
4506
4515
4516
4533
4535
4536
4537
4540
4542
4547
4549
4558
4560
4562
4563
4564
4569
4572
4581
4582
4583
4584
4587
4593
4596
4602
4605
4610
4618
4624
4625
4628
4629
4631
4632
4637
4639
4648
4655
4659
4661
4667
4677
4678
4679
4680
4681
4688
4690
4694
4699
4701
4706
4707
4712
4715
4716
4717
4725
4727
4734
4735
4736
4739
4740
4741
4742
4749
4758
4762
4763
4764
4778
4782
4783
4784
4793
4795
4801
4802
4805
4813
4818
4824
4828
4837
4848
4850
4859
4861
4867
4869
4876
4877
4881
4888
4894
4899
4901
4906
4907
4915
4925
4927
4932
4933
4936
4937
4942
4949
4957
4958
4962
4963
4964
4972
4975
4982
4983
4993
4995
5001
5002
5005
5010
5013
5018
5019
5024
5027
5028
5029
5031
5032
5037
5039
5042
5046
5050
5065
5069
5077
5082
5088
5089
5094
5101
5106
5107
5110
5115
5116
5132
5133
5136
5137
5142
5149
5156
5158
5162
5163
5164
5172
5182
5187
5193
5196
5202
5205
5210
5213
5218
5224
5228
5229
5231
5232
5235
5237
5259
5267
5269
5277
5281
5288
5294
5299
5301
5306
5307
5315
5317
5325
5333
5336
5337
5342
5349
5358
5362
5363
5364
5372
5375
5382
5383
5384
5393
5395
5404
5405
5407
5410
5413
5414
5421
5424
5428
5429
5431
5432
5437
5439
5445
5450
5459
5461
5465
5467
5469
5477
5481
5482
5488
5499
5501
5506
5507
5510
5515
5525
5533
5536
5537
5549
5557
5558
5562
5563
5564
5568
5569
5572
5573
5575
5582
5583
5584
5587
5593
5601
5602
5605
5610
5618
5624
5628
5629
5631
5632
5637
5639
5642
5650
5659
5667
5677
5681
5688
5699
5701
5705
5706
5707
5712
5715
5716
5733
5736
5737
5742
5749
5757
5758
5762
5763
5772
5782
5783
5791
5793
5795
5801
5802
5805
5810
5813
5818
5824
5825
5828
5829
5831
5832
5837
5839
5845
5846
5850
5861
5867
5869
5877
5881
5888
5894
5897
5899
5901
5906
5907
5912
5915
5916
5922
5933
5936
5937
5942
5949
5957
5958
5962
5971
5972
5975
5981
5982
5983
5986
5987
5993
5995
5996
6002
6010
6013
6025
6028
6029
6031
6032
6037
6046
6050
6059
6061
6065
6067
6076
6081
6094
6099
6101
6106
6107
6115
6124
6127
6133
6136
6137
6142
6147
6149
6156
6157
6158
6160
6162
6163
6164
6172
6173
6181
6182
6183
6187
6193
6196
6200
6201
6202
6208
6228
6229
6231
6232
6234
6238
6246
6248
6255
6259
6261
6265
6281
6289
6306
6315
6319
6325
6332
6333
6336
6338
6340
6341
6342
6349
6357
6358
6360
6362
6372
6378
6382
6383
6384
6387
6393
6398
6401
6402
6413
6418
6424
6425
6428
6429
6431
6434
6437
6450
6459
6461
6465
6467
6469
6477
6481
6488
6493
6494
6499
6501
6506
6512
6515
6516
6532
6533
6536
6542
6549
6558
6562
6564
6571
6572
6575
6581
6582
6583
6587
6588
6593
6595
6602
6605
6610
6613
6620
6624
6628
6629
6631
6632
6637
6639
6646
6650
6656
6659
6667
6669
6672
6676
6677
6681
6694
6699
6701
6706
6715
6733
6736
6737
6742
6758
6762
6763
6764
6772
6775
6782
6783
6795
6796
6802
6805
6810
6818
6824
6828
6829
6831
6832
6837
6839
6840
6848
6859
6861
6865
6867
6872
6881
6884
6888
6890
6894
6899
6901
6906
6912
6915
6916
6917
6924
6927
6933
6936
6937
6940
6942
6949
6957
6958
6960
6962
6963
6969
6972
6973
6975
6981
6982
6983
6987
6993
6995
7002
7003
7014
7024
7025
7028
7029
7031
7032
7037
7039
7040
7048
7050
7059
7061
7065
7067
7068
7069
7071
7072
7077
7078
7092
7099
7100
7102
7105
7106
7107
7112
7115
7116
7117
7132
7133
7135
7136
7137
7140
7142
7147
7149
7157
7158
7162
7163
7172
7175
7182
7183
7184
7187
7193
7195
7201
7202
7205
7206
7210
7214
7220
7221
7224
7225
7229
7231
7232
7235
7237
7240
7246
7248
7255
7259
7260
7261
7263
7265
7269
7277
7278
7284
7288
7290
7294
7297
7306
7307
7315
7316
7317
7319
7327
7333
7335
7337
7340
7358
7362
7363
7375
7381
7382
7383
7393
7402
7404
7409
7418
7421
7428
7429
7432
7435
7439
7440
7445
7448
7452
7454
7458
7461
7465
7468
7469
7471
7473
7479
7495
7499
7500
7501
7507
7510
7513
7518
7520
7522
7523
7530
7534
7536
7539
7543
7544
7552
7559
7567
7583
7590
7592
7597
7600
7604
7616
7617
7623
7626
7628
7631
7635
7655
7666
7671
7676
7685
7688
7689
7694
7700
7708
7713
7717
7723
7732
7734
7740
7744
7747
7756
7765
7774
7776
7783
7785
7792
7801
7802
7804
7807
7809
7813
7816
7817
7820
7823
7828
7835
7838
7840
7852
7854
7867
7868
7869
7873
7876
7883
7885
7894
7899
7903
7905
7913
7916
7917
7919
7941
7943
7944
7947
7950
7962
7975
7976
7980
7983
7994
8001
8002
8003
8004
8013
8018
8021
8028
8029
8035
8039
8040
8045
8048
8052
8058
8063
8065
8068
8069
8070
8073
8085
8095
8099
8100
8104
8110
8113
8118
8123
8130
8133
8135
8136
8139
8143
8144
8157
8159
8175
8183
8185
8190
8197
8201
8202
8204
8221
8227
8228
8232
8235
8240
8245
8248
8252
8261
8265
8269
8271
8273
8285
8299
8300
8313
8317
8318
8320
8323
8334
8335
8336
8339
8343
8344
8359
8363
8375
8383
8385
8386
8388
8390
8394
8397
8398
8404
8408
8409
8421
8428
8429
8432
8435
8445
8448
8454
8471
8473
8485
8500
8503
8513
8517
8520
8536
8544
8575
8583
8585
8590
8601
8602
8604
8629
8632
8635
8640
8645
8648
8654
8665
8668
8671
8673
8679
8685
8699
8700
8702
8713
8720
8734
8743
8744
8747
8759
8762
8775
8783
8790
8792
8797
8801
8802
8809
8821
8828
8829
8832
8835
8840
8845
8852
8854
8865
8868
8869
8871
8873
8880
8881
8885
8894
8896
8897
8899
8900
8903
8917
8918
8920
8923
8934
8935
8936
8939
8943
8944
8957
8965
8974
8975
8983
8985
8990
8997
9004
9043
9047
9051
9052
9055
9057
9069
9074
9076
9079
9080
9084
9088
9089
9100
9117
9123
9127
9134
9143
9144
9146
9152
9157
9164
9182
9189
9192
9197
9204
9207
9209
9218
9232
9235
9240
9245
9248
9252
9265
9269
9271
9273
9279
9298
9299
9300
9302
9303
9310
9320
9323
9334
9336
9339
9343
9344
9359
9365
9374
9375
9383
9385
9387
9397
9400
9404
9407
9408
9409
9413
9421
9428
9429
9432
9435
9445
9452
9465
9469
9471
9473
9479
9495
9499
9513
9520
9523
9530
9535
9536
9543
9544
9557
9559
9575
9583
9585
9588
9590
9600
9604
9606
9616
9621
9628
9632
9635
9639
9641
9645
9648
9652
9665
9668
9669
9671
9673
9674
9682
9684
9688
9689
9696
9699
9702
9710
9712
9717
9720
9734
9743
9744
9757
9759
9765
9767
9774
9783
9785
9790
9794
9802
9804
9818
9819
9828
9829
9832
9835
9839
9840
9845
9848
9852
9854
9865
9869
9871
9873
9879
9885
9899
9900
9910
9913
9918
9920
9923
9934
9935
9936
9939
9943
9944
9947
9962
9983
9985
9990
9992
9997
10000
10003
10004
10006
10007
10008
10017
10027
10028
10029
10032
10035
10036
10045
10048
10050
10052
10054
10067
10068
10069
10071
10073
10074
10083
10102
10104
10107
10113
10117
10118
10130
10131
10134
10135
10136
10143
10144
10146
10153
10163
10167
10172
10175
10183
10185
10188
10189
10190
10192
10194
10202
10204
10209
10213
10221
10228
10232
10239
10242
10243
10245
10248
10252
10254
10255
10261
10265
10268
10269
10271
10273
10276
10285
10296
10299
10300
10318
10319
10320
10322
10323
10334
10335
10343
10344
10347
10354
10357
10359
10362
10367
10372
10374
10375
10376
10383
10385
10390
10394
10397
10402
10404
10421
10428
10432
10435
10439
10440
10445
10452
10469
10471
10473
10479
10480
10485
10492
10500
10513
10518
10520
10523
10534
10536
10543
10544
10557
10587
10588
10597
10602
10604
10605
10609
10613
10616
10618
10628
10629
10630
10632
10635
10645
10648
10652
10655
10661
10668
10669
10673
10674
10683
10685
10688
10689
10696
10698
10699
10702
10704
10714
10716
10720
10739
10744
10745
10750
10753
10754
10764
10766
10774
10778
10779
10780
10783
10792
10801
10802
10804
10828
10829
10832
10835
10845
10852
10861
10865
10869
10873
10874
10879
10885
10899
10900
10913
10917
10918
10920
10923
10936
10939
10944
10957
10975
10983
10985
10990
10997
11001
11002
11004
11009
11013
11028
11029
11032
11034
11035
11040
11045
11048
11052
11054
11058
11061
11065
11069
11071
11073
11085
11094
11099
11100
11102
11113
11133
11134
11135
11136
11139
11143
11144
11159
11166
11175
11185
11187
11190
11197
11202
11204
11205
11208
11211
11218
11221
11223
11225
11227
11232
11237
11248
11251
11258
11264
11265
11269
11275
11276
11282
11283
11293
11298
11305
11320
11321
11323
11326
11330
11331
11337
11338
11340
11344
11349
11353
11354
11356
11360
11361
11365
11369
11371
11375
11379
11386
11387
11389
11393
11400
11401
11402
11404
11406
11408
11411
11413
11417
11419
11422
11423
11425
11426
11441
11453
11454
11455
11457
11464
11470
11477
11486
11496
11523
11525
11530
11531
11537
11551
11554
11561
11577
11578
11580
11589
11594
11597
11598
11599
11600
11602
11604
11606
11607
11608
11611
11613
11619
11622
11623
11624
11625
11628
11641
11653
11654
11655
11661
11662
11664
11667
11671
11676
11677
11686
11695
11696
11710
11714
11720
11721
11723
11725
11729
11730
11731
11737
11738
11739
11742
11746
11749
11751
11754
11758
11761
11769
11770
11771
11778
11780
11784
11789
11794
11796
11802
11804
11806
11808
11811
11813
11816
11818
11819
11822
11823
11841
11847
11848
11853
11855
11857
11862
11864
11876
11877
11883
11886
11892
11895
11898
11910
11920
11923
11925
11937
11938
11943
11944
11954
11961
11962
11970
11971
11978
11980
11981
11984
11989
11997
12002
12004
12006
12008
12013
12017
12018
12019
12023
12025
12028
12041
12048
12053
12061
12067
12096
12098
12105
12114
12121
12123
12125
12137
12142
12144
12146
12149
12150
12154
12161
12165
12171
12179
12180
12189
12197
12200
12202
12203
12204
12206
12211
12213
12217
12222
12223
12225
12226
12241
12248
12251
12253
12255
12267
12272
12277
12279
12293
12296
12323
12329
12337
12338
12344
12347
12349
12354
12359
12360
12361
12362
12371
12379
12380
12389
12397
12404
12406
12408
12411
12413
12418
12419
12422
12423
12437
12446
12448
12453
12454
12455
12457
12458
12461
12464
12467
12484
12495
12498
12520
12525
12529
12537
12539
12543
12549
12554
12558
12561
12562
12563
12571
12578
12580
12589
12598
12603
12604
12606
12608
12610
12613
12622
12623
12625
12628
12633
12641
12648
12653
12655
12661
12662
12664
12667
12671
12691
12695
12696
12701
12714
12721
12725
12729
12737
12742
12747
12754
12758
12762
12765
12768
12771
12780
12789
12793
12795
12797
12800
12802
12804
12806
12809
12811
12813
12818
12819
12823
12837
12841
12848
12853
12854
12855
12861
12864
12865
12868
12876
12883
12892
12895
12896
12898
12911
12925
12937
12939
12942
12944
12954
12958
12961
12977
12980
12989
12991
12997
13000
13002
13006
13008
13011
13013
13019
13023
13025
13039
13041
13053
13055
13057
13062
13064
13067
13077
13083
13086
13101
13105
13120
13123
13125
13127
13130
13136
13138
13142
13144
13154
13155
13161
13162
13171
13180
13184
13189
13193
13200
13202
13204
13208
13209
13211
13213
13218
13219
13222
13223
13225
13241
13247
13253
13254
13255
13262
13264
13271
13272
13295
13298
13305
13310
13323
13325
13329
13330
13337
13354
13358
13361
13371
13377
13380
13384
13389
13400
13402
13404
13407
13408
13411
13412
13417
13418
13420
13421
13428
13431
13434
13439
13441
13442
13447
13448
13449
13454
13455
13459
13460
13464
13469
13477
13479
13483
13488
13489
13491
13496
13498
13505
13511
13520
13525
13530
13537
13539
13554
13560
13561
13562
13565
13568
13570
13572
13574
13575
13579
13583
13585
13587
13589
13591
13595
13597
13604
13606
13607
13609
13610
13611
13613
13617
13618
13619
13620
13622
13623
13625
13628
13647
13648
13651
13653
13654
13655
13657
13661
13665
13667
13671
13679
13683
13686
13691
13695
13696
13701
13705
13710
13711
13714
13723
13725
13729
13730
13731
13737
13738
13742
13743
13751
13754
13758
13772
13773
13778
13779
13780
13783
13784
13789
13798
13800
13802
13804
13806
13809
13811
13813
13817
13818
13819
13823
13825
13826
13836
13845
13848
13852
13853
13855
13858
13862
13867
13876
13877
13882
13897
13900
13910
13911
13915
13918
13920
13923
13929
13930
13937
13938
13942
13949
13954
13960
13961
13962
13968
13969
13978
13979
13980
13987
13989
13990
13993
13997
14000
14002
14006
14008
14013
14017
14019
14022
14023
14025
14041
14047
14048
14053
14055
14061
14064
14067
14083
14086
14095
14121
14125
14130
14131
14137
14138
14142
14144
14154
14155
14159
14160
14161
14162
14169
14170
14171
14177
14180
14189
14193
14196
14200
14202
14204
14211
14217
14219
14223
14225
14226
14241
14252
14253
14254
14255
14264
14267
14282
14301
14305
14320
14325
14337
14343
14344
14349
14354
14357
14359
14362
14370
14371
14378
14380
14384
14386
14389
14402
14404
14406
14411
14413
14423
14425
14441
14447
14448
14455
14464
14467
14476
14477
14482
14495
14521
14525
14530
14537
14544
14554
14557
14559
14561
14562
14570
14571
14578
14580
14589
14593
14597
14602
14604
14608
14611
14613
14615
14617
14648
14653
14660
14662
14669
14670
14696
14705
14714
14715
14723
14730
14737
14738
14744
14749
14753
14754
14760
14761
14770
14771
14774
14775
14777
14779
14786
14789
14800
14808
14812
14823
14834
14836
14839
14842
14844
14846
14851
14864
14867
14884
14892
14896
14913
14918
14926
14936
14937
14939
14948
14949
14959
14961
14963
14970
14972
14980
14984
14990
14993
14994
15000
15008
15012
15023
15033
15034
15036
15042
15044
15046
15047
15049
15051
15055
15064
15067
15096
15104
15109
15111
15118
15126
15136
15137
15139
15142
15149
15159
15163
15166
15170
15172
15180
15184
15190
15192
15193
15194
15196
15200
15208
15211
15221
15223
15234
15246
15247
15254
15261
15267
15269
15276
15284
15291
15296
15304
15309
15310
15318
15326
15332
15339
15348
15349
15350
15351
15356
15358
15359
15361
15367
15370
15373
15378
15384
15387
15390
15392
15393
15394
15396
15400
15408
15412
15427
15428
15433
15434
15436
15442
15444
15446
15447
15451
15455
15461
15464
15467
15474
15488
15491
15496
15500
15509
15510
15518
15533
15537
15539
15544
15547
15548
15554
15558
15561
15570
15572
15573
15580
15590
15592
15594
15596
15599
15600
15608
15623
15627
15628
15634
15636
15644
15645
15646
15655
15663
15664
15667
15684
15691
15696
15709
15713
15718
15736
15737
15739
15749
15759
15761
15763
15770
15772
15780
15784
15790
15792
15793
15794
15800
15803
15808
15814
15826
15828
15836
15842
15846
15847
15851
15854
15867
15872
15874
15878
15880
15889
15891
15897
15904
15914
15918
15922
15925
15926
15932
15933
15937
15938
15943
15948
15950
15954
15958
15961
15970
15972
15984
15986
15987
15988
15990
15992
15994
16000
16005
16008
16009
16012
16027
16034
16036
16042
16044
16045
16046
16047
16049
16063
16064
16076
16084
16091
16092
16096
16099
16104
16106
16110
16118
16126
16138
16139
16141
16142
16148
16149
16156
16157
16158
16161
16163
16170
16173
16176
16180
16181
16184
16187
16190
16193
16194
16200
16205
16208
16218
16223
16227
16228
16233
16234
16236
16241
16244
16245
16246
16251
16255
16260
16263
16267
16271
16274
16276
16284
16291
16292
16296
16299
16304
16305
16313
16318
16326
16338
16339
16342
16347
16348
16349
16351
16352
16359
16361
16363
16367
16370
16377
16380
16384
16390
16392
16393
16395
16400
16402
16404
16405
16406
16412
16427
16428
16429
16434
16435
16436
16439
16442
16446
16447
16452
16460
16461
16467
16470
16476
16490
16491
16492
16496
16497
16509
16512
16513
16521
16528
16532
16537
16538
16539
16543
16548
16550
16552
16553
16554
16558
16559
16561
16563
16566
16568
16573
16584
16587
16589
16590
16594
16595
16600
16603
16605
16614
16616
16623
16628
16634
16635
16636
16639
16644
16645
16646
16647
16648
16655
16661
16663
16670
16671
16676
16691
16692
16696
16699
16709
16713
16718
16729
16733
16736
16737
16739
16741
16748
16749
16751
16752
16756
16758
16759
16763
16767
16770
16772
16778
16780
16784
16787
16790
16793
16794
16800
16801
16808
16809
16812
16818
16823
16828
16833
16834
16836
16839
16845
16847
16849
16857
16861
16863
16876
16884
16890
16891
16896
16899
16904
16908
16913
16921
16933
16939
16949
16950
16951
16956
16961
16963
16970
16973
16976
16981
16984
16990
16991
16992
16993
17000
17008
17012
17017
17023
17028
17033
17034
17036
17039
17042
17044
17046
17049
17051
17055
17063
17064
17067
17071
17074
17091
17092
17096
17100
17104
17109
17118
17126
17128
17133
17136
17139
17141
17142
17148
17149
17150
17151
17158
17159
17161
17170
17172
17173
17180
17187
17190
17192
17193
17194
17200
17205
17208
17212
17221
17227
17228
17231
17232
17233
17234
17236
17244
17245
17246
17247
17251
17255
17257
17260
17261
17263
17264
17274
17276
17277
17284
17290
17291
17296
17304
17310
17311
17313
17318
17336
17337
17339
17348
17349
17351
17359
17361
17363
17364
17370
17372
17380
17383
17384
17387
17390
17394
17395
17400
17408
17412
17423
17427
17434
17436
17439
17442
17444
17445
17446
17447
17449
17451
17455
17463
17464
17467
17474
17484
17491
17496
17509
17513
17518
17524
17536
17537
17539
17547
17548
17549
17550
17551
17554
17558
17559
17561
17563
17570
17572
17580
17584
17590
17592
17593
17594
17600
17608
17612
17618
17621
17623
17627
17628
17631
17634
17636
17639
17644
17645
17646
17647
17649
17651
17663
17664
17667
17677
17684
17691
17692
17696
17709
17714
17718
17736
17737
17739
17748
17751
17758
17759
17761
17763
17770
17772
17773
17784
17787
17790
17792
17794
17800
17801
17803
17808
17812
17823
17826
17828
17833
17834
17836
17844
17846
17849
17855
17857
17867
17884
17889
17897
17910
17922
17923
17926
17937
17946
17951
17961
17970
17987
17990
17993
17994
18000
18004
18006
18016
18017
18018
18020
18026
18028
18029
18034
18036
18039
18042
18045
18047
18049
18063
18076
18079
18091
18096
18099
18104
18106
18133
18138
18141
18148
18149
18150
18152
18154
18158
18163
18170
18173
18176
18177
18181
18184
18190
18191
18193
18195
18200
18201
18207
18209
18211
18216
18219
18223
18228
18235
18237
18246
18250
18252
18254
18255
18258
18274
18276
18279
18281
18294
18296
18297
18301
18302
18313
18319
18335
18336
18338
18339
18342
18346
18349
18354
18357
18358
18359
18376
18381
18400
18401
18403
18424
18426
18431
18437
18459
18464
18476
18480
18487
18496
18501
18505
18513
18521
18525
18527
18528
18536
18541
18542
18546
18547
18554
18555
18556
18559
18568
18572
18576
18594
18603
18607
18608
18609
18611
18616
18621
18626
18628
18630
18640
18643
18645
18655
18658
18659
18664
18667
18676
18680
18681
18687
18692
18693
18698
18701
18703
18704
18706
18707
18711
18712
18713
18721
18725
18727
18728
18733
18736
18738
18739
18740
18741
18747
18753
18754
18755
18757
18762
18764
18772
18774
18776
18777
18789
18793
18794
18801
18811
18816
18819
18826
18828
18829
18830
18832
18835
18837
18850
18852
18859
18870
18876
18879
18881
18894
18897
18907
18908
18910
18913
18921
18923
18932
18935
18936
18938
18946
18947
18949
18954
18957
18976
18979
18981
18985
18986
18993
18995
18997
19003
19007
19011
19016
19026
19055
19064
19070
19071
19080
19081
19087
19090
19107
19111
19121
19127
19128
19129
19136
19141
19152
19153
19154
19155
19157
19161
19167
19168
19174
19176
19186
19194
19203
19206
19207
19208
19211
19223
19226
19228
19237
19239
19250
19255
19258
19259
19264
19270
19276
19281
19287
19289
19298
19301
19303
19305
19306
19307
19311
19312
19316
19321
19325
19327
19328
19336
19341
19347
19354
19355
19362
19372
19374
19376
19377
19394
19400
19403
19407
19409
19411
19417
19421
19423
19426
19428
19431
19439
19450
19455
19458
19459
19462
19464
19476
19480
19487
19489
19493
19494
19501
19507
19511
19512
19521
19523
19525
19527
19528
19536
19541
19547
19554
19555
19558
19562
19572
19574
19577
19596
19603
19618
19622
19624
19626
19628
19635
19646
19650
19664
19665
19671
19672
19676
19678
19684
19711
19713
19715
19720
19721
19725
19728
19736
19745
19754
19755
19765
19774
19778
19783
19784
19792
19807
19816
19821
19823
19826
19828
19831
19839
19840
19843
19847
19850
19855
19858
19859
19861
19863
19864
19870
19871
19876
19881
19884
19889
19893
19894
19898
19903
19907
19911
19916
19919
19921
19925
19927
19928
19936
19939
19941
19947
19954
19955
19962
19968
19972
19977
19986
19994
